Number,Gender,Expression,FileName,Race
1,Female,NeutFear,01F_NeutFear_cropped.png,European
1,Female,NeutHappy,01F_NeutHappy_cropped.png,European
2,Female,NeutFear,02F_NeutFear_cropped.png,European
2,Female,NeutHappy,02F_NeutHappy_cropped.png,European
3,Female,NeutFear,03F_NeutFear_cropped.png,Latino
3,Female,NeutHappy,03F_NeutHappy_cropped.png,Latino
5,Female,NeutFear,05F_NeutFear_cropped.png,European
5,Female,NeutHappy,05F_NeutHappy_cropped.png,European
6,Female,NeutFear,06F_NeutFear_cropped.png,European
6,Female,NeutHappy,06F_NeutHappy_cropped.png,European
7,Female,NeutFear,07F_NeutFear_cropped.png,European
7,Female,NeutHappy,07F_NeutHappy_cropped.png,European
8,Female,NeutFear,08F_NeutFear_cropped.png,European
8,Female,NeutHappy,08F_NeutHappy_cropped.png,European
9,Female,NeutFear,09F_NeutFear_cropped.png,European
9,Female,NeutHappy,09F_NeutHappy_cropped.png,European
10,Female,NeutFear,10F_NeutFear_cropped.png,European
10,Female,NeutHappy,10F_NeutHappy_cropped.png,European
11,Female,NeutFear,11F_NeutFear_cropped.png,African
11,Female,NeutHappy,11F_NeutHappy_cropped.png,African
12,Female,NeutFear,12F_NeutFear_cropped.png,African
12,Female,NeutHappy,12F_NeutHappy_cropped.png,African
13,Female,NeutFear,13F_NeutFear_cropped.png,African
13,Female,NeutHappy,13F_NeutHappy_cropped.png,African
14,Female,NeutFear,14F_NeutFear_cropped.png,African
14,Female,NeutHappy,14F_NeutHappy_cropped.png,African
15,Female,NeutFear,15F_NeutFear_cropped.png,Asian
15,Female,NeutHappy,15F_NeutHappy_cropped.png,Asian
16,Female,NeutFear,16F_NeutFear_cropped.png,Asian
16,Female,NeutHappy,16F_NeutHappy_cropped.png,Asian
17,Female,NeutFear,17F_NeutFear_cropped.png,Asian
17,Female,NeutHappy,17F_NeutHappy_cropped.png,Asian
18,Female,NeutFear,18F_NeutFear_cropped.png,Asian
18,Female,NeutHappy,18F_NeutHappy_cropped.png,Asian
19,Female,NeutFear,19F_NeutFear_cropped.png,Asian
19,Female,NeutHappy,19F_NeutHappy_cropped.png,Asian
20,Male,NeutFear,20M_NeutFear_cropped.png,European
20,Male,NeutHappy,20M_NeutHappy_cropped.png,European
21,Male,NeutFear,21M_NeutFear_cropped.png,European
21,Male,NeutHappy,21M_NeutHappy_cropped.png,European
22,Male,NeutFear,22M_NeutFear_cropped.png,European
22,Male,NeutHappy,22M_NeutHappy_cropped.png,European
23,Male,NeutFear,23M_NeutFear_cropped.png,European
23,Male,NeutHappy,23M_NeutHappy_cropped.png,European
24,Male,NeutFear,24M_NeutFear_cropped.png,European
24,Male,NeutHappy,24M_NeutHappy_cropped.png,European
25,Male,NeutFear,25M_NeutFear_cropped.png,European
25,Male,NeutHappy,25M_NeutHappy_cropped.png,European
26,Male,NeutFear,26M_NeutFear_cropped.png,European
26,Male,NeutHappy,26M_NeutHappy_cropped.png,European
27,Male,NeutFear,27M_NeutFear_cropped.png,European
27,Male,NeutHappy,27M_NeutHappy_cropped.png,European
28,Male,NeutFear,28M_NeutFear_cropped.png,European
28,Male,NeutHappy,28M_NeutHappy_cropped.png,European
29,Male,NeutFear,29M_NeutFear_cropped.png,European
29,Male,NeutHappy,29M_NeutHappy_cropped.png,European
30,Male,NeutFear,30M_NeutFear_cropped.png,European
30,Male,NeutHappy,30M_NeutHappy_cropped.png,European
31,Male,NeutFear,31M_NeutFear_cropped.png,European
31,Male,NeutHappy,31M_NeutHappy_cropped.png,European
32,Male,NeutFear,32M_NeutFear_cropped.png,European
32,Male,NeutHappy,32M_NeutHappy_cropped.png,European
33,Male,NeutFear,33M_NeutFear_cropped.png,European
33,Male,NeutHappy,33M_NeutHappy_cropped.png,European
34,Male,NeutFear,34M_NeutFear_cropped.png,European
34,Male,NeutHappy,34M_NeutHappy_cropped.png,European
35,Male,NeutFear,35M_NeutFear_cropped.png,European
35,Male,NeutHappy,35M_NeutHappy_cropped.png,European
36,Male,NeutFear,36M_NeutFear_cropped.png,European
36,Male,NeutHappy,36M_NeutHappy_cropped.png,European
37,Male,NeutFear,37M_NeutFear_cropped.png,Latino
37,Male,NeutHappy,37M_NeutHappy_cropped.png,Latino
38,Male,NeutFear,38M_NeutFear_cropped.png,African
38,Male,NeutHappy,38M_NeutHappy_cropped.png,African
39,Male,NeutFear,39M_NeutFear_cropped.png,African
39,Male,NeutHappy,39M_NeutHappy_cropped.png,African
40,Male,NeutFear,40M_NeutFear_cropped.png,African
40,Male,NeutHappy,40M_NeutHappy_cropped.png,African
41,Male,NeutFear,41M_NeutFear_cropped.png,African
41,Male,NeutHappy,41M_NeutHappy_cropped.png,African
42,Male,NeutFear,42M_NeutFear_cropped.png,African
42,Male,NeutHappy,42M_NeutHappy_cropped.png,African
43,Male,NeutFear,43M_NeutFear_cropped.png,African
43,Male,NeutHappy,43M_NeutHappy_cropped.png,African
